13
0
前门
1
儿童乐园
2
广场
3
码头
4
游乐园
5
牡丹园
6
月季园
7
雕像
8
海洋世界
9
步行街
10
地下商城
11
商业区
12
后门
  0   1   4   8   6 1000 1000  10 1000   1 1000  10 1000
  1   0   3   4   5 1000  10 1000   1 1000   1 1000 1000
  4   3   0  10   1   7 1000   6 1000  10 1000 1000   8
  8   4  10   0   2 1000   3 1000 1000   6   5   9   7
  6   5   1   2   0   3   6   9 1000   7   9   8   5
1000 1000   7 1000   3   0 1000   5 1000   6   7   8   4
1000  10 1000   3   6 1000   0   2   7   2   9  10   2
10  1000   6 1000   9   5   2   0   4 1000   2   3   7
1000   1 1000 1000 1000 1000   7   4   0  10   4   5   1
1   1000  10   6   7   6   2 1000  10   0   8   5   7
1000   1 1000   5   9   7   9   2   4   8   0   2   9
10  1000 1000   9   8   8   10  3   5   5   2   0 1000
1000 1000   8   7   5   4   2   7   1   7   9  1000  0
